12314
12341
12134
12143
12413
12431
13214
13241
13124
13142
13412
13421
11324
11342
11234
11243
11423
11432
14312
14321
14132
14123
14213
14231
21314
21341
21134
21143
21413
21431
23114
23141
23114
23141
23411
23411
21314
21341
21134
21143
21413
21431
24311
24311
24131
24113
24113
24131
32114
32141
32114
32141
32411
32411
31214
31241
31124
31142
31412
31421
31124
31142
31214
31241
31421
31412
34112
34121
34112
34121
34211
34211
12314
12341
12134
12143
12413
12431
13214
13241
13124
13142
13412
13421
11324
11342
11234
11243
11423
11432
14312
14321
14132
14123
14213
14231
42311
42311
42131
42113
42113
42131
43211
43211
43121
43112
43112
43121
41321
41312
41231
41213
41123
41132
41312
41321
41132
41123
41213
41231
